2 0.976778 0.439828 0.0457527 0.0643228
2 0.265794 0.425865 0.0738975 0.0702594
2 0.955584 0.295414 0.0603782 0.0605633
2 0.299122 0.305727 0.0709338 0.0602726
2 0.24169 0.607455 0.121847 0.117501
2 0.286015 0.359855 0.0777879 0.0598448
2 0.612385 0.414143 0.0793217 0.0931223
2 0.921136 0.215743 0.0565806 0.0584379
2 0.157096 0.913865 0.148159 0.163794
2 0.602148 0.345796 0.0669704 0.0783781
2 0.176564 0.882995 0.109755 0.100003
2 0.887787 0.172498 0.0232259 0.0416741
2 0.901466 0.172669 0.050811 0.043402
7 0.241344 0.606815 0.123112 0.119877
9 0.540651 0.719383 0.019019 0.0552575
